31
1 2 91.3 3 119 4 127 5 157 6 174 8 186 13 256 999
2 1 91.3 999
3 7 73.7 1 119 999
4 8 44.4 1 127 5 172 9 228 10 311 11 540 999
5 1 157 4 172 9 249 11 355 10 426 999
6 8 71 12 133 1 174 999
8 4 44.4 6 71 1 186 999
13 14 71.3 20 128 7 139 999
7 15 31.3 3 73.7 13 139 999
9 10 205 4 228 5 249 11 469 999
10 9 205 4 311 5 426 11 426 999
11 5 335 10 426 9 469 4 540 999
12 6 133 16 142 999
14 13 71.3 17 107 18 207 19 243 999
20 15 96.7 13 128 21 129 999
15 7 31.3 20 96.7 999
16 12 142 22 279 23 438 30 556 999
17 14 107 18 143 999
18 19 57.7 27 115 17 143 21 168 14 207 999
19 18 57.7 22 97.3 27 100 14 243 999
21 20 129 18 168 999
22 19 97 18 157 27 187 23 277 16 279 26 410 30 668 31 839 28 1425 999
23 30 264 22 277 16 438 999
30 23 264 24 309 16 556 26 587 22 668 31 692 28 917 999
27 19 100 18 115 29 374 25 662 999
26 25 315 22 410 30 587 28 1026 999
24 29 76 30 309 999
31 25 162 28 631 30 692 22 839 999
29 24 76 25 309 27 374 999
25 31 162 29 309 26 315 27 662 28 789 999
28 31 631 25 789 30 917 26 1026 22 1425 999